4 2
1 1 6 7 8
 150000
 4.04137621865335583404E-01     1     1     1     1
 8.68089818391297174394E-02     2     1     2     1
 4.09596905352308915393E-01     2     2     1     1
 4.49859041671546000529E-01     2     2     2     2
 8.68089818391297174394E-02     3     1     3     1
 2.42493799917180077874E-02     3     2     3     2
 4.09596905352308915393E-01     3     3     1     1
 4.01360281688109832299E-01     3     3     2     2
 4.49859041671546000529E-01     3     3     3     3
 8.68089818391297174394E-02     4     1     4     1
 2.42493799917180077874E-02     4     2     4     2
 2.42493799917180077874E-02     4     3     4     3
 4.09596905352308915393E-01     4     4     1     1
 4.01360281688109832299E-01     4     4     2     2
 4.01360281688109832299E-01     4     4     3     3
 4.49859041671546000529E-01     4     4     4     4
-6.58175317439248841467E-01     1     1     0     0
-5.11298871764228723968E-01     2     2     0     0
-5.11298871764228723968E-01     3     3     0     0
-5.11298871764228723968E-01     4     4     0     0
-1.34396674528072814780E+01     0     0     0     0
